<?xml version="1.0"?>
<opencv_storage>
<classifications type_id="opencv-matrix">
  <rows>34</rows>
  <cols>1</cols>
  <dt>i</dt>
  <data>
    48 56 50 51 48 50 49 56 51 56 48 51 51 57 51 50 55 55 50 51 55 50 57
    51 57 51 50 57 56 50 49 48 50 49</data></classifications>
</opencv_storage>
