<?xml version="1.0"?>
<opencv_storage>
<images type_id="opencv-matrix">
  <rows>34</rows>
  <cols>600</cols>
  <dt>f</dt>
  <data>
    51. 255. 255. 255. 255. 255. 255. 255. 255. 255. 255. 255. 255. 255.
    255. 255. 255. 255. 255. 51. 51. 255. 255. 255. 255. 255. 255. 255.
    255. 255. 255. 255. 255. 255. 255. 255. 255. 255. 255. 51. 51. 255.
    255. 255. 255. 255. 255. 255. 255. 255. 255. 255. 255. 255. 255.
    255. 255. 255. 221. 34. 27. 136. 136. 136. 136. 136. 136. 136. 136.
    136. 136. 136. 136. 136. 136. 255. 255. 255. 153. 0. 0. 0. 0. 0. 0.
    0. 0. 0. 0. 0. 0. 0. 0. 0. 122. 255. 255. 255. 61. 0. 0. 0. 0. 0. 0.
    0. 0. 0. 0. 0. 0. 0. 0. 75. 241. 255. 255. 68. 0. 0. 0. 0. 0. 0. 0.
    0. 0. 0. 0. 0. 0. 0. 0. 235. 255. 255. 122. 0. 0. 0. 0. 0. 0. 0. 0.
    0. 0. 0. 0. 0. 0. 0. 255. 255. 255. 255. 102. 0. 0. 0. 0. 0. 0. 0.
    0. 0. 0. 0. 0. 0. 7. 166. 255. 255. 255. 177. 0. 0. 0. 0. 0. 0. 0.
    0. 0. 0. 0. 0. 0. 0. 51. 255. 255. 255. 201. 0. 0. 0. 0. 0. 0. 0. 0.
    0. 0. 0. 0. 0. 0. 0. 132. 255. 255. 214. 31. 0. 0. 0. 0. 0. 0. 0. 0.
    0. 0. 0. 0. 0. 0. 109. 255. 255. 255. 153. 0. 0. 0. 0. 0. 0. 0. 0.
    0. 0. 0. 0. 0. 0. 68. 238. 255. 255. 255. 51. 0. 0. 0. 0. 0. 0. 0.
    0. 0. 0. 0. 0. 0. 0. 224. 255. 255. 255. 51. 0. 0. 0. 0. 0. 0. 0. 0.
    0. 0. 0. 0. 0. 0. 0. 255. 255. 255. 112. 0. 0. 0. 0. 0. 0. 0. 0. 0.
    0. 0. 0. 0. 0. 10. 255. 255. 255. 204. 0. 0. 0. 0. 0. 0. 0. 0. 0. 0.
    0. 0. 0. 0. 10. 173. 255. 255. 255. 163. 0. 0. 0. 0. 0. 0. 0. 0. 0.
    0. 0. 0. 0. 0. 119. 255. 255. 255. 187. 0. 0. 0. 0. 0. 0. 0. 0. 0.
    0. 0. 0. 0. 0. 0. 255. 255. 255. 207. 27. 0. 0. 0. 0. 0. 0. 0. 0. 0.
    0. 0. 0. 0. 0. 122. 255. 255. 255. 61. 0. 0. 0. 0. 0. 0. 0. 0. 0. 0.
    0. 0. 0. 0. 75. 241. 255. 255. 255. 0. 0. 0. 0. 0. 0. 0. 0. 0. 0. 0.
    0. 0. 0. 0. 235. 255. 255. 255. 34. 0. 0. 0. 0. 0. 0. 0. 0. 0. 0. 0.
    0. 0. 0. 255. 255. 255. 255. 102. 0. 0. 0. 0. 0. 0. 0. 0. 0. 0. 0.
    0. 0. 0. 20. 255. 255. 255. 177. 0. 0. 0. 0. 0. 0. 0. 0. 0. 0. 0. 0.
    0. 0. 14. 180. 255. 255. 201. 0. 0. 0. 0. 0. 0. 0. 0. 0. 0. 0. 0. 0.
    0. 0. 132. 255. 255. 214. 31. 0. 0. 0. 0. 0. 0. 0. 0. 0. 0. 0. 0. 0.
    0. 0. 255. 255. 255. 207. 136. 136. 136. 136. 136. 136. 136. 136.
    136. 136. 136. 136. 136. 136. 136. 27. 255. 255. 255. 255. 255. 255.
    255. 255. 255. 255. 255. 255. 255. 255. 255. 255. 255. 255. 255.
    187. 255. 255. 255. 255. 255. 255. 255. 255. 255. 255. 255. 255.
    255. 255. 255. 255. 255. 255. 255. 255. 255. 255. 255. 255. 255.
    255. 255. 255. 255. 255. 255. 255. 255. 255. 255. 255. 255. 255.
    255. 65. 255. 255. 255. 255. 255. 255. 255. 255. 255. 255. 255. 255.
    255. 255. 255. 255. 255. 255. 255. 255. 255. 255. 255. 255. 255.
    255. 255. 255. 255. 255. 255. 255. 255. 255. 255. 255. 255. 255.
    255. 255. 255. 255. 255. 255. 255. 255. 255. 255. 255. 255. 255.
    255. 255. 255. 255. 255. 255. 255. 255. 255. 106. 106. 106. 106.
    106. 106. 106. 106. 165. 255. 255. 165. 106. 106. 106. 106. 106.
    106. 106. 106. 0. 0. 0. 0. 0. 0. 0. 0. 102. 255. 255. 102. 0. 0. 0.
    0. 0. 0. 0. 0. 0. 0. 0. 0. 0. 0. 0. 0. 102. 255. 255. 102. 0. 0. 0.
    0. 0. 0. 0. 0. 0. 0. 0. 0. 0. 0. 0. 0. 102. 255. 255. 102. 0. 0. 0.
    0. 0. 0. 0. 0. 0. 0. 0. 0. 0. 0. 0. 0. 102. 255. 255. 102. 0. 0. 0.
    0. 0. 0. 0. 0. 0. 0. 0. 0. 0. 0. 0. 0. 102. 255. 255. 102. 0. 0. 0.
    0. 0. 0. 0. 0. 0. 0. 0. 0. 0. 0. 0. 0. 102. 255. 255. 102. 0. 0. 0.
    0. 0. 0. 0. 0. 0. 0. 0. 0. 0. 0. 0. 0. 102. 255. 255. 102. 0. 0. 0.
    0. 0. 0. 0. 0. 0. 0. 0. 0. 0. 0. 0. 0. 102. 255. 255. 102. 0. 0. 0.
    0. 0. 0. 0. 0. 0. 0. 0. 0. 0. 0. 0. 0. 102. 255. 255. 102. 0. 0. 0.
    0. 0. 0. 0. 0. 0. 0. 0. 0. 0. 0. 0. 0. 102. 255. 255. 102. 0. 0. 0.
    0. 0. 0. 0. 0. 0. 0. 0. 0. 0. 0. 0. 0. 102. 255. 255. 102. 0. 0. 0.
    0. 0. 0. 0. 0. 0. 0. 0. 0. 0. 0. 0. 0. 102. 255. 255. 102. 0. 0. 0.
    0. 0. 0. 0. 0. 0. 0. 0. 0. 0. 0. 0. 0. 102. 255. 255. 102. 0. 0. 0.
    0. 0. 0. 0. 0. 0. 0. 0. 0. 0. 0. 0. 0. 102. 255. 255. 102. 0. 0. 0.
    0. 0. 0. 0. 0. 0. 0. 0. 0. 0. 0. 0. 0. 102. 255. 255. 102. 0. 0. 0.
    0. 0. 0. 0. 0. 0. 0. 0. 0. 0. 0. 0. 0. 102. 255. 255. 102. 0. 0. 0.
    0. 0. 0. 0. 0. 0. 0. 0. 0. 0. 0. 0. 0. 102. 255. 255. 102. 0. 0. 0.
    0. 0. 0. 0. 0. 0. 0. 0. 0. 0. 0. 0. 0. 102. 255. 255. 102. 0. 0. 0.
    0. 0. 0. 0. 0. 0. 0. 0. 0. 0. 0. 0. 0. 102. 255. 255. 102. 0. 0. 0.
    0. 0. 0. 0. 0. 0. 0. 0. 0. 0. 0. 0. 0. 102. 255. 255. 102. 0. 0. 0.
    0. 0. 0. 0. 0. 0. 0. 0. 0. 0. 0. 0. 0. 102. 255. 255. 102. 0. 0. 0.
    0. 0. 0. 0. 0. 0. 0. 0. 0. 0. 0. 0. 0. 102. 255. 255. 140. 0. 0. 0.
    0. 0. 0. 0. 0. 0. 0. 0. 0. 0. 0. 0. 0. 102. 255. 255. 255. 0. 0. 0.
    0. 0. 0. 0. 0. 0. 0. 0. 0. 0. 0. 0. 0. 191. 255. 255. 255. 0. 0. 0.
    0. 0. 0. 0. 0. 0. 0. 0. 0. 0. 0. 0. 0. 140. 255. 255. 255. 0. 0. 0.
    0. 0. 0. 0. 0. 0. 0. 0. 0. 0. 0. 0. 0. 9. 208. 208. 21. 0. 0. 0. 0.
    0. 0. 0. 0. 0. 0. 0. 0. 8. 17. 172. 255. 255. 255. 255. 255. 255.
    172. 17. 8. 0. 0. 0. 0. 0. 0. 0. 18. 143. 255. 255. 255. 255. 255.
    255. 255. 255. 255. 255. 143. 18. 0. 0. 0. 0. 0. 21. 145. 255. 255.
    255. 255. 255. 255. 255. 255. 255. 255. 255. 255. 145. 21. 0. 0. 0.
    18. 153. 255. 255. 255. 255. 166. 136. 136. 136. 154. 255. 255. 255.
    255. 255. 64. 0. 0. 0. 38. 255. 255. 255. 255. 155. 25. 0. 0. 0. 15.
    102. 155. 255. 255. 255. 178. 23. 0. 9. 197. 255. 255. 255. 152. 24.
    0. 0. 0. 0. 0. 0. 24. 152. 255. 255. 255. 38. 0. 13. 255. 255. 255.
    255. 115. 0. 0. 0. 0. 0. 0. 0. 0. 115. 255. 255. 255. 226. 11. 13.
    255. 255. 255. 140. 0. 0. 0. 0. 0. 0. 0. 0. 0. 0. 140. 255. 255.
    255. 13. 45. 255. 255. 255. 140. 0. 0. 0. 0. 0. 0. 0. 0. 0. 0. 140.
    255. 255. 255. 45. 255. 255. 255. 255. 140. 0. 0. 0. 0. 0. 0. 0. 0.
    0. 0. 140. 255. 255. 255. 255. 255. 255. 255. 219. 84. 0. 0. 0. 0.
    0. 0. 0. 0. 0. 0. 140. 255. 255. 255. 255. 255. 255. 255. 166. 0. 0.
    0. 0. 0. 0. 0. 0. 0. 0. 0. 65. 207. 255. 255. 255. 255. 255. 255.
    166. 0. 0. 0. 0. 0. 0. 0. 0. 0. 0. 0. 0. 166. 255. 255. 255. 255.
    255. 255. 166. 0. 0. 0. 0. 0. 0. 0. 0. 0. 0. 0. 0. 166. 255. 255.
    255. 255. 255. 255. 166. 0. 0. 0. 0. 0. 0. 0. 0. 0. 0. 0. 0. 166.
    255. 255. 255. 255. 255. 255. 166. 0. 0. 0. 0. 0. 0. 0. 0. 0. 0. 0.
    0. 166. 255. 255. 255. 255. 255. 255. 166. 0. 0. 0. 0. 0. 0. 0. 0.
    0. 0. 0. 0. 166. 255. 255. 255. 255. 255. 255. 166. 0. 0. 0. 0. 0.
    0. 0. 0. 0. 0. 0. 0. 166. 255. 255. 255. 255. 255. 255. 166. 0. 0.
    0. 0. 0. 0. 0. 0. 0. 0. 0. 65. 207. 255. 255. 255. 255. 255. 255.
    219. 84. 0. 0. 0. 0. 0. 0. 0. 0. 0. 0. 140. 255. 255. 255. 255. 255.
    255. 255. 255. 140. 0. 0. 0. 0. 0. 0. 0. 0. 0. 0. 140. 255. 255.
    255. 77. 45. 255. 255. 255. 140. 0. 0. 0. 0. 0. 0. 0. 0. 0. 0. 140.
    255. 255. 255. 13. 13. 255. 255. 255. 140. 0. 0. 0. 0. 0. 0. 0. 0.
    0. 0. 140. 255. 255. 255. 13. 13. 255. 255. 255. 255. 115. 0. 0. 0.
    0. 0. 0. 0. 0. 115. 255. 255. 255. 255. 13. 9. 197. 255. 255. 255.
    152. 24. 0. 0. 0. 0. 0. 0. 24. 152. 255. 255. 255. 197. 9. 0. 38.
    255. 255. 255. 255. 155. 102. 15. 0. 0. 15. 102. 155. 255. 255. 255.
    178. 23. 0. 0. 18. 153. 255. 255. 255. 255. 255. 154. 136. 136. 154.
    255. 255. 255. 255. 255. 64. 0. 0. 0. 0. 21. 145. 255. 255. 255.
    255. 255. 255. 255. 255. 255. 255. 255. 255. 145. 21. 0. 0. 0. 0. 0.
    18. 143. 255. 255. 255. 255. 255. 255. 255. 255. 255. 255. 143. 18.
    0. 0. 0. 0. 0. 0. 0. 8. 17. 172. 255. 255. 255. 255. 255. 255. 172.
    17. 8. 0. 0. 0. 0. 255. 255. 255. 255. 255. 255. 255. 255. 255. 255.
    255. 255. 255. 86. 4. 4. 1. 0. 0. 0. 255. 255. 255. 255. 255. 255.
    255. 255. 255. 255. 255. 255. 255. 255. 255. 255. 55. 2. 0. 0. 234.
    255. 255. 255. 250. 234. 234. 234. 234. 234. 234. 246. 255. 255.
    255. 255. 255. 50. 2. 0. 6. 255. 255. 255. 198. 0. 0. 0. 0. 0. 0.
    130. 225. 245. 255. 255. 255. 255. 47. 1. 6. 255. 255. 255. 197. 0.
    0. 0. 0. 0. 0. 0. 0. 146. 244. 255. 255. 255. 255. 6. 6. 255. 255.
    255. 197. 0. 0. 0. 0. 0. 0. 0. 0. 0. 151. 244. 255. 255. 255. 6. 6.
